evt: 20220111054724830 CI.PSR. Tp_handpicked: 9.085 p_length: 0.4 TsPmP: 17.154060112731006 TsPmp_autorefined: 18.454060112730996 sPmP_length 0.4              TsPn: nan TsPn_autorefined: nan sPn_len: 0.4 
evt: 20220111054724830 CI.RKMO. Tp_handpicked: 10.247 p_length: 0.4 TsPmP: 18.129795176578867 TsPmp_autorefined: 16.629795176578867 sPmP_length 0.4              TsPn: nan TsPn_autorefined: nan sPn_len: 0.4 
evt: 20220111054724830 CI.SOL2. Tp_handpicked: 11.38 p_length: 0.4 TsPmP: 18.856278642125343 TsPmp_autorefined: 19.156278642125336 sPmP_length 0.4              TsPn: nan TsPn_autorefined: nan sPn_len: 0.4 
evt: 20220111114149810 CI.BFS. Tp_handpicked: 12.228 p_length: 0.4 TsPmP: 18.33885344528677 TsPmp_autorefined: 18.038853445286765 sPmP_length 0.4              TsPn: nan TsPn_autorefined: nan sPn_len: 0.4 
